header:3;

3;34;5;Людвіг Краузе;Австрія;-1;0;0;0;0;6;30;
            
1;13;5;Андрій Випихницький;Литва;60;25;27;35;37;2;10;

2;22;1;Мартін Розенберг;Канада;55;30;31;40;42;0;0;

3;30;2;Геннадій;Зірвирогов;Україна;42;16;18;26;29;0;0;
								 
2;20;2;Геннадій;Зірвирогов;Україна;56;31;33;41;43;0;0;

2;21;3;Руслан Недокус;Білорусь;57;32;33;42;45;1;5;

2;24;4;Людвіг Краузе;Австрія;60;33;34;43;45;2;10;

2;23;5;Андрій Випихницький;Литва;59;34;35;44;46;2;10;

1;11;2;Руслан Недокус;Білорусь;54;21;23;31;34;1;5;

3;31;3;Руслан Недокус;Білорусь;43;17;20;27;30;1;5;

1;12;1;Мартін Розенберг;Канада;53;20;21;30;31;0;0;

1;14;4;Людвіг Краузе;Австрія;58;24;26;34;36;2;10;

1;10;3;Геннадій;Зірвирогов;Україна;57;22;24;32;33;1;5;

3;33;4;Андрій Випихницький;Литва 45;18;21;28;32;2;10;

3;32;1;Мартін Розенберг;Канада 40;15;17;25;27;1;4;
	 		
footer:15;11;